{
 "cells": [
  {
   "cell_type": "code",
   "execution_count": 53,
   "metadata": {},
   "outputs": [
    {
     "name": "stdout",
     "output_type": "stream",
     "text": [
      "The autoreload extension is already loaded. To reload it, use:\n",
      "  %reload_ext autoreload\n"
     ]
    }
   ],
   "source": [
    "%load_ext autoreload\n",
    "%autoreload 2"
   ]
  },
  {
   "cell_type": "code",
   "execution_count": 54,
   "metadata": {},
   "outputs": [],
   "source": [
    "import pandas as pd\n",
    "import numpy as np\n",
    "import scipy as sp\n",
    "from sklearn.preprocessing import LabelEncoder\n",
    "from matspy import spy\n",
    "import json\n",
    "from pipeliner.recommendations.transformer import (\n",
    "    UserItemMatrixTransformer,\n",
    "    SimilarityTransformer,\n",
    ")\n",
    "from pipeliner.recommendations.recommender import SimilarityRecommender"
   ]
  },
  {
   "cell_type": "code",
   "execution_count": 55,
   "metadata": {},
   "outputs": [
    {
     "data": {
      "text/html": [
       "<div>\n",
       "<style scoped>\n",
       "    .dataframe tbody tr th:only-of-type {\n",
       "        vertical-align: middle;\n",
       "    }\n",
       "\n",
       "    .dataframe tbody tr th {\n",
       "        vertical-align: top;\n",
       "    }\n",
       "\n",
       "    .dataframe thead th {\n",
       "        text-align: right;\n",
       "    }\n",
       "</style>\n",
       "<table border=\"1\" class=\"dataframe\">\n",
       "  <thead>\n",
       "    <tr style=\"text-align: right;\">\n",
       "      <th></th>\n",
       "      <th>user_id</th>\n",
       "      <th>item_id</th>\n",
       "      <th>rating</th>\n",
       "    </tr>\n",
       "  </thead>\n",
       "  <tbody>\n",
       "    <tr>\n",
       "      <th>0</th>\n",
       "      <td>U00001</td>\n",
       "      <td>I00001</td>\n",
       "      <td>0.80</td>\n",
       "    </tr>\n",
       "    <tr>\n",
       "      <th>1</th>\n",
       "      <td>U00001</td>\n",
       "      <td>I00002</td>\n",
       "      <td>0.40</td>\n",
       "    </tr>\n",
       "    <tr>\n",
       "      <th>2</th>\n",
       "      <td>U00001</td>\n",
       "      <td>I00003</td>\n",
       "      <td>0.60</td>\n",
       "    </tr>\n",
       "    <tr>\n",
       "      <th>3</th>\n",
       "      <td>U00001</td>\n",
       "      <td>I00004</td>\n",
       "      <td>0.20</td>\n",
       "    </tr>\n",
       "    <tr>\n",
       "      <th>4</th>\n",
       "      <td>U00001</td>\n",
       "      <td>I00005</td>\n",
       "      <td>1.00</td>\n",
       "    </tr>\n",
       "    <tr>\n",
       "      <th>5</th>\n",
       "      <td>U00001</td>\n",
       "      <td>I00006</td>\n",
       "      <td>0.80</td>\n",
       "    </tr>\n",
       "    <tr>\n",
       "      <th>6</th>\n",
       "      <td>U00002</td>\n",
       "      <td>I00002</td>\n",
       "      <td>0.81</td>\n",
       "    </tr>\n",
       "    <tr>\n",
       "      <th>7</th>\n",
       "      <td>U00002</td>\n",
       "      <td>I00003</td>\n",
       "      <td>0.41</td>\n",
       "    </tr>\n",
       "    <tr>\n",
       "      <th>8</th>\n",
       "      <td>U00002</td>\n",
       "      <td>I00004</td>\n",
       "      <td>0.61</td>\n",
       "    </tr>\n",
       "    <tr>\n",
       "      <th>9</th>\n",
       "      <td>U00002</td>\n",
       "      <td>I00005</td>\n",
       "      <td>0.21</td>\n",
       "    </tr>\n",
       "    <tr>\n",
       "      <th>10</th>\n",
       "      <td>U00002</td>\n",
       "      <td>I00006</td>\n",
       "      <td>1.00</td>\n",
       "    </tr>\n",
       "    <tr>\n",
       "      <th>11</th>\n",
       "      <td>U00002</td>\n",
       "      <td>I00007</td>\n",
       "      <td>0.81</td>\n",
       "    </tr>\n",
       "  </tbody>\n",
       "</table>\n",
       "</div>"
      ],
      "text/plain": [
       "   user_id item_id  rating\n",
       "0   U00001  I00001    0.80\n",
       "1   U00001  I00002    0.40\n",
       "2   U00001  I00003    0.60\n",
       "3   U00001  I00004    0.20\n",
       "4   U00001  I00005    1.00\n",
       "5   U00001  I00006    0.80\n",
       "6   U00002  I00002    0.81\n",
       "7   U00002  I00003    0.41\n",
       "8   U00002  I00004    0.61\n",
       "9   U00002  I00005    0.21\n",
       "10  U00002  I00006    1.00\n",
       "11  U00002  I00007    0.81"
      ]
     },
     "metadata": {},
     "output_type": "display_data"
    }
   ],
   "source": [
    "# Create a toy dataset\n",
    "OVERWRITE = False\n",
    "\n",
    "NUM_USERS = 12\n",
    "NUM_ITEMS = 12\n",
    "\n",
    "# Create arrays for each column\n",
    "users = np.repeat(np.arange(NUM_USERS), 6)\n",
    "stacked = np.hstack([np.arange(NUM_ITEMS), np.arange(5)])\n",
    "strides = np.lib.stride_tricks.sliding_window_view(stacked, 6)\n",
    "items = strides.reshape(-1)\n",
    "ratings = np.tile([0.8, 0.4, 0.6, 0.2, 1.0, 0.8], (12, 1))\n",
    "rating_bias = np.expand_dims((np.arange(12)/100), 1)\n",
    "ratings = (ratings + rating_bias).reshape(-1)\n",
    "ratings = np.clip(ratings, 0.0, 1.0)\n",
    "\n",
    "# Stack arrays to get (user, item, rating) combinations\n",
    "user_item_ratings_generated = np.column_stack((users, items, ratings)).astype(np.float32)\n",
    "\n",
    "user_item_ratings_df = pd.DataFrame(\n",
    "    user_item_ratings_generated, columns=[\"user_id\", \"item_id\", \"rating\"]\n",
    ")\n",
    "user_item_ratings_df.user_id = user_item_ratings_df.user_id.astype(int).map(\n",
    "    lambda i: f\"U{i + 1:05d}\"\n",
    ")\n",
    "user_item_ratings_df.item_id = user_item_ratings_df.item_id.astype(int).map(\n",
    "    lambda i: f\"I{i + 1:05d}\"\n",
    ")\n",
    "if OVERWRITE:\n",
    "    user_item_ratings_df.to_csv(\n",
    "        \"../../tests/test_data/user_item_ratings_toy.csv\", index=False\n",
    "    )\n",
    "display(user_item_ratings_df.head(12))"
   ]
  },
  {
   "cell_type": "code",
   "execution_count": 56,
   "metadata": {},
   "outputs": [
    {
     "data": {
      "text/html": [
       "<div>\n",
       "<style scoped>\n",
       "    .dataframe tbody tr th:only-of-type {\n",
       "        vertical-align: middle;\n",
       "    }\n",
       "\n",
       "    .dataframe tbody tr th {\n",
       "        vertical-align: top;\n",
       "    }\n",
       "\n",
       "    .dataframe thead th {\n",
       "        text-align: right;\n",
       "    }\n",
       "</style>\n",
       "<table border=\"1\" class=\"dataframe\">\n",
       "  <thead>\n",
       "    <tr style=\"text-align: right;\">\n",
       "      <th></th>\n",
       "      <th>I00001</th>\n",
       "      <th>I00002</th>\n",
       "      <th>I00003</th>\n",
       "      <th>I00004</th>\n",
       "      <th>I00005</th>\n",
       "      <th>I00006</th>\n",
       "      <th>I00007</th>\n",
       "      <th>I00008</th>\n",
       "      <th>I00009</th>\n",
       "      <th>I00010</th>\n",
       "      <th>I00011</th>\n",
       "      <th>I00012</th>\n",
       "    </tr>\n",
       "    <tr>\n",
       "      <th>user_id</th>\n",
       "      <th></th>\n",
       "      <th></th>\n",
       "      <th></th>\n",
       "      <th></th>\n",
       "      <th></th>\n",
       "      <th></th>\n",
       "      <th></th>\n",
       "      <th></th>\n",
       "      <th></th>\n",
       "      <th></th>\n",
       "      <th></th>\n",
       "      <th></th>\n",
       "    </tr>\n",
       "  </thead>\n",
       "  <tbody>\n",
       "    <tr>\n",
       "      <th>U00001</th>\n",
       "      <td>0.80</td>\n",
       "      <td>0.40</td>\n",
       "      <td>0.60</td>\n",
       "      <td>0.20</td>\n",
       "      <td>1.00</td>\n",
       "      <td>0.80</td>\n",
       "      <td>0.00</td>\n",
       "      <td>0.00</td>\n",
       "      <td>0.00</td>\n",
       "      <td>0.00</td>\n",
       "      <td>0.00</td>\n",
       "      <td>0.00</td>\n",
       "    </tr>\n",
       "    <tr>\n",
       "      <th>U00002</th>\n",
       "      <td>0.00</td>\n",
       "      <td>0.81</td>\n",
       "      <td>0.41</td>\n",
       "      <td>0.61</td>\n",
       "      <td>0.21</td>\n",
       "      <td>1.00</td>\n",
       "      <td>0.81</td>\n",
       "      <td>0.00</td>\n",
       "      <td>0.00</td>\n",
       "      <td>0.00</td>\n",
       "      <td>0.00</td>\n",
       "      <td>0.00</td>\n",
       "    </tr>\n",
       "    <tr>\n",
       "      <th>U00003</th>\n",
       "      <td>0.00</td>\n",
       "      <td>0.00</td>\n",
       "      <td>0.82</td>\n",
       "      <td>0.42</td>\n",
       "      <td>0.62</td>\n",
       "      <td>0.22</td>\n",
       "      <td>1.00</td>\n",
       "      <td>0.82</td>\n",
       "      <td>0.00</td>\n",
       "      <td>0.00</td>\n",
       "      <td>0.00</td>\n",
       "      <td>0.00</td>\n",
       "    </tr>\n",
       "    <tr>\n",
       "      <th>U00004</th>\n",
       "      <td>0.00</td>\n",
       "      <td>0.00</td>\n",
       "      <td>0.00</td>\n",
       "      <td>0.83</td>\n",
       "      <td>0.43</td>\n",
       "      <td>0.63</td>\n",
       "      <td>0.23</td>\n",
       "      <td>1.00</td>\n",
       "      <td>0.83</td>\n",
       "      <td>0.00</td>\n",
       "      <td>0.00</td>\n",
       "      <td>0.00</td>\n",
       "    </tr>\n",
       "    <tr>\n",
       "      <th>U00005</th>\n",
       "      <td>0.00</td>\n",
       "      <td>0.00</td>\n",
       "      <td>0.00</td>\n",
       "      <td>0.00</td>\n",
       "      <td>0.84</td>\n",
       "      <td>0.44</td>\n",
       "      <td>0.64</td>\n",
       "      <td>0.24</td>\n",
       "      <td>1.00</td>\n",
       "      <td>0.84</td>\n",
       "      <td>0.00</td>\n",
       "      <td>0.00</td>\n",
       "    </tr>\n",
       "    <tr>\n",
       "      <th>U00006</th>\n",
       "      <td>0.00</td>\n",
       "      <td>0.00</td>\n",
       "      <td>0.00</td>\n",
       "      <td>0.00</td>\n",
       "      <td>0.00</td>\n",
       "      <td>0.85</td>\n",
       "      <td>0.45</td>\n",
       "      <td>0.65</td>\n",
       "      <td>0.25</td>\n",
       "      <td>1.00</td>\n",
       "      <td>0.85</td>\n",
       "      <td>0.00</td>\n",
       "    </tr>\n",
       "    <tr>\n",
       "      <th>U00007</th>\n",
       "      <td>0.00</td>\n",
       "      <td>0.00</td>\n",
       "      <td>0.00</td>\n",
       "      <td>0.00</td>\n",
       "      <td>0.00</td>\n",
       "      <td>0.00</td>\n",
       "      <td>0.86</td>\n",
       "      <td>0.46</td>\n",
       "      <td>0.66</td>\n",
       "      <td>0.26</td>\n",
       "      <td>1.00</td>\n",
       "      <td>0.86</td>\n",
       "    </tr>\n",
       "    <tr>\n",
       "      <th>U00008</th>\n",
       "      <td>0.87</td>\n",
       "      <td>0.00</td>\n",
       "      <td>0.00</td>\n",
       "      <td>0.00</td>\n",
       "      <td>0.00</td>\n",
       "      <td>0.00</td>\n",
       "      <td>0.00</td>\n",
       "      <td>0.87</td>\n",
       "      <td>0.47</td>\n",
       "      <td>0.67</td>\n",
       "      <td>0.27</td>\n",
       "      <td>1.00</td>\n",
       "    </tr>\n",
       "    <tr>\n",
       "      <th>U00009</th>\n",
       "      <td>1.00</td>\n",
       "      <td>0.88</td>\n",
       "      <td>0.00</td>\n",
       "      <td>0.00</td>\n",
       "      <td>0.00</td>\n",
       "      <td>0.00</td>\n",
       "      <td>0.00</td>\n",
       "      <td>0.00</td>\n",
       "      <td>0.88</td>\n",
       "      <td>0.48</td>\n",
       "      <td>0.68</td>\n",
       "      <td>0.28</td>\n",
       "    </tr>\n",
       "    <tr>\n",
       "      <th>U00010</th>\n",
       "      <td>0.29</td>\n",
       "      <td>1.00</td>\n",
       "      <td>0.89</td>\n",
       "      <td>0.00</td>\n",
       "      <td>0.00</td>\n",
       "      <td>0.00</td>\n",
       "      <td>0.00</td>\n",
       "      <td>0.00</td>\n",
       "      <td>0.00</td>\n",
       "      <td>0.89</td>\n",
       "      <td>0.49</td>\n",
       "      <td>0.69</td>\n",
       "    </tr>\n",
       "    <tr>\n",
       "      <th>U00011</th>\n",
       "      <td>0.70</td>\n",
       "      <td>0.30</td>\n",
       "      <td>1.00</td>\n",
       "      <td>0.90</td>\n",
       "      <td>0.00</td>\n",
       "      <td>0.00</td>\n",
       "      <td>0.00</td>\n",
       "      <td>0.00</td>\n",
       "      <td>0.00</td>\n",
       "      <td>0.00</td>\n",
       "      <td>0.90</td>\n",
       "      <td>0.50</td>\n",
       "    </tr>\n",
       "    <tr>\n",
       "      <th>U00012</th>\n",
       "      <td>0.51</td>\n",
       "      <td>0.71</td>\n",
       "      <td>0.31</td>\n",
       "      <td>1.00</td>\n",
       "      <td>0.91</td>\n",
       "      <td>0.00</td>\n",
       "      <td>0.00</td>\n",
       "      <td>0.00</td>\n",
       "      <td>0.00</td>\n",
       "      <td>0.00</td>\n",
       "      <td>0.00</td>\n",
       "      <td>0.91</td>\n",
       "    </tr>\n",
       "  </tbody>\n",
       "</table>\n",
       "</div>"
      ],
      "text/plain": [
       "         I00001  I00002  I00003  I00004  I00005  I00006  I00007  I00008  \\\n",
       "user_id                                                                   \n",
       "U00001     0.80    0.40    0.60    0.20    1.00    0.80    0.00    0.00   \n",
       "U00002     0.00    0.81    0.41    0.61    0.21    1.00    0.81    0.00   \n",
       "U00003     0.00    0.00    0.82    0.42    0.62    0.22    1.00    0.82   \n",
       "U00004     0.00    0.00    0.00    0.83    0.43    0.63    0.23    1.00   \n",
       "U00005     0.00    0.00    0.00    0.00    0.84    0.44    0.64    0.24   \n",
       "U00006     0.00    0.00    0.00    0.00    0.00    0.85    0.45    0.65   \n",
       "U00007     0.00    0.00    0.00    0.00    0.00    0.00    0.86    0.46   \n",
       "U00008     0.87    0.00    0.00    0.00    0.00    0.00    0.00    0.87   \n",
       "U00009     1.00    0.88    0.00    0.00    0.00    0.00    0.00    0.00   \n",
       "U00010     0.29    1.00    0.89    0.00    0.00    0.00    0.00    0.00   \n",
       "U00011     0.70    0.30    1.00    0.90    0.00    0.00    0.00    0.00   \n",
       "U00012     0.51    0.71    0.31    1.00    0.91    0.00    0.00    0.00   \n",
       "\n",
       "         I00009  I00010  I00011  I00012  \n",
       "user_id                                  \n",
       "U00001     0.00    0.00    0.00    0.00  \n",
       "U00002     0.00    0.00    0.00    0.00  \n",
       "U00003     0.00    0.00    0.00    0.00  \n",
       "U00004     0.83    0.00    0.00    0.00  \n",
       "U00005     1.00    0.84    0.00    0.00  \n",
       "U00006     0.25    1.00    0.85    0.00  \n",
       "U00007     0.66    0.26    1.00    0.86  \n",
       "U00008     0.47    0.67    0.27    1.00  \n",
       "U00009     0.88    0.48    0.68    0.28  \n",
       "U00010     0.00    0.89    0.49    0.69  \n",
       "U00011     0.00    0.00    0.90    0.50  \n",
       "U00012     0.00    0.00    0.00    0.91  "
      ]
     },
     "metadata": {},
     "output_type": "display_data"
    },
    {
     "data": {
      "text/html": [
       "<div>\n",
       "<style scoped>\n",
       "    .dataframe tbody tr th:only-of-type {\n",
       "        vertical-align: middle;\n",
       "    }\n",
       "\n",
       "    .dataframe tbody tr th {\n",
       "        vertical-align: top;\n",
       "    }\n",
       "\n",
       "    .dataframe thead th {\n",
       "        text-align: right;\n",
       "    }\n",
       "</style>\n",
       "<table border=\"1\" class=\"dataframe\">\n",
       "  <thead>\n",
       "    <tr style=\"text-align: right;\">\n",
       "      <th></th>\n",
       "      <th>U00001</th>\n",
       "      <th>U00002</th>\n",
       "      <th>U00003</th>\n",
       "      <th>U00004</th>\n",
       "      <th>U00005</th>\n",
       "      <th>U00006</th>\n",
       "      <th>U00007</th>\n",
       "      <th>U00008</th>\n",
       "      <th>U00009</th>\n",
       "      <th>U00010</th>\n",
       "      <th>U00011</th>\n",
       "      <th>U00012</th>\n",
       "    </tr>\n",
       "    <tr>\n",
       "      <th>user_id</th>\n",
       "      <th></th>\n",
       "      <th></th>\n",
       "      <th></th>\n",
       "      <th></th>\n",
       "      <th></th>\n",
       "      <th></th>\n",
       "      <th></th>\n",
       "      <th></th>\n",
       "      <th></th>\n",
       "      <th></th>\n",
       "      <th></th>\n",
       "      <th></th>\n",
       "    </tr>\n",
       "  </thead>\n",
       "  <tbody>\n",
       "    <tr>\n",
       "      <th>U00001</th>\n",
       "      <td>1.000000</td>\n",
       "      <td>0.593422</td>\n",
       "      <td>0.473685</td>\n",
       "      <td>0.376071</td>\n",
       "      <td>0.403558</td>\n",
       "      <td>0.227984</td>\n",
       "      <td>0.000000</td>\n",
       "      <td>0.228862</td>\n",
       "      <td>0.375167</td>\n",
       "      <td>0.376090</td>\n",
       "      <td>0.466428</td>\n",
       "      <td>0.629074</td>\n",
       "    </tr>\n",
       "    <tr>\n",
       "      <th>U00002</th>\n",
       "      <td>0.593422</td>\n",
       "      <td>1.000000</td>\n",
       "      <td>0.599157</td>\n",
       "      <td>0.478312</td>\n",
       "      <td>0.380428</td>\n",
       "      <td>0.403195</td>\n",
       "      <td>0.229023</td>\n",
       "      <td>0.000000</td>\n",
       "      <td>0.229859</td>\n",
       "      <td>0.375247</td>\n",
       "      <td>0.380240</td>\n",
       "      <td>0.471035</td>\n",
       "    </tr>\n",
       "    <tr>\n",
       "      <th>U00003</th>\n",
       "      <td>0.473685</td>\n",
       "      <td>0.599157</td>\n",
       "      <td>1.000000</td>\n",
       "      <td>0.604672</td>\n",
       "      <td>0.482801</td>\n",
       "      <td>0.384623</td>\n",
       "      <td>0.402779</td>\n",
       "      <td>0.230013</td>\n",
       "      <td>0.000000</td>\n",
       "      <td>0.230808</td>\n",
       "      <td>0.375268</td>\n",
       "      <td>0.384238</td>\n",
       "    </tr>\n",
       "    <tr>\n",
       "      <th>U00004</th>\n",
       "      <td>0.376071</td>\n",
       "      <td>0.478312</td>\n",
       "      <td>0.604672</td>\n",
       "      <td>1.000000</td>\n",
       "      <td>0.609972</td>\n",
       "      <td>0.487156</td>\n",
       "      <td>0.388662</td>\n",
       "      <td>0.402315</td>\n",
       "      <td>0.230955</td>\n",
       "      <td>0.000000</td>\n",
       "      <td>0.231711</td>\n",
       "      <td>0.375235</td>\n",
       "    </tr>\n",
       "    <tr>\n",
       "      <th>U00005</th>\n",
       "      <td>0.403558</td>\n",
       "      <td>0.380428</td>\n",
       "      <td>0.482801</td>\n",
       "      <td>0.609972</td>\n",
       "      <td>1.000000</td>\n",
       "      <td>0.615067</td>\n",
       "      <td>0.491380</td>\n",
       "      <td>0.392551</td>\n",
       "      <td>0.401804</td>\n",
       "      <td>0.231852</td>\n",
       "      <td>0.000000</td>\n",
       "      <td>0.232571</td>\n",
       "    </tr>\n",
       "    <tr>\n",
       "      <th>U00006</th>\n",
       "      <td>0.227984</td>\n",
       "      <td>0.403195</td>\n",
       "      <td>0.384623</td>\n",
       "      <td>0.487156</td>\n",
       "      <td>0.615067</td>\n",
       "      <td>1.000000</td>\n",
       "      <td>0.619961</td>\n",
       "      <td>0.495476</td>\n",
       "      <td>0.396293</td>\n",
       "      <td>0.401251</td>\n",
       "      <td>0.232705</td>\n",
       "      <td>0.000000</td>\n",
       "    </tr>\n",
       "    <tr>\n",
       "      <th>U00007</th>\n",
       "      <td>0.000000</td>\n",
       "      <td>0.229023</td>\n",
       "      <td>0.402779</td>\n",
       "      <td>0.388662</td>\n",
       "      <td>0.491380</td>\n",
       "      <td>0.619961</td>\n",
       "      <td>1.000000</td>\n",
       "      <td>0.624663</td>\n",
       "      <td>0.499449</td>\n",
       "      <td>0.399894</td>\n",
       "      <td>0.400659</td>\n",
       "      <td>0.233516</td>\n",
       "    </tr>\n",
       "    <tr>\n",
       "      <th>U00008</th>\n",
       "      <td>0.228862</td>\n",
       "      <td>0.000000</td>\n",
       "      <td>0.230013</td>\n",
       "      <td>0.402315</td>\n",
       "      <td>0.392551</td>\n",
       "      <td>0.495476</td>\n",
       "      <td>0.624663</td>\n",
       "      <td>1.000000</td>\n",
       "      <td>0.629179</td>\n",
       "      <td>0.503301</td>\n",
       "      <td>0.403359</td>\n",
       "      <td>0.400029</td>\n",
       "    </tr>\n",
       "    <tr>\n",
       "      <th>U00009</th>\n",
       "      <td>0.375167</td>\n",
       "      <td>0.229859</td>\n",
       "      <td>0.000000</td>\n",
       "      <td>0.230955</td>\n",
       "      <td>0.401804</td>\n",
       "      <td>0.396293</td>\n",
       "      <td>0.499449</td>\n",
       "      <td>0.629179</td>\n",
       "      <td>1.000000</td>\n",
       "      <td>0.633514</td>\n",
       "      <td>0.507036</td>\n",
       "      <td>0.406692</td>\n",
       "    </tr>\n",
       "    <tr>\n",
       "      <th>U00010</th>\n",
       "      <td>0.376090</td>\n",
       "      <td>0.375247</td>\n",
       "      <td>0.230808</td>\n",
       "      <td>0.000000</td>\n",
       "      <td>0.231852</td>\n",
       "      <td>0.401251</td>\n",
       "      <td>0.399894</td>\n",
       "      <td>0.503301</td>\n",
       "      <td>0.633514</td>\n",
       "      <td>1.000000</td>\n",
       "      <td>0.637677</td>\n",
       "      <td>0.510657</td>\n",
       "    </tr>\n",
       "    <tr>\n",
       "      <th>U00011</th>\n",
       "      <td>0.466428</td>\n",
       "      <td>0.380240</td>\n",
       "      <td>0.375268</td>\n",
       "      <td>0.231711</td>\n",
       "      <td>0.000000</td>\n",
       "      <td>0.232705</td>\n",
       "      <td>0.400659</td>\n",
       "      <td>0.403359</td>\n",
       "      <td>0.507036</td>\n",
       "      <td>0.637677</td>\n",
       "      <td>1.000000</td>\n",
       "      <td>0.641671</td>\n",
       "    </tr>\n",
       "    <tr>\n",
       "      <th>U00012</th>\n",
       "      <td>0.629074</td>\n",
       "      <td>0.471035</td>\n",
       "      <td>0.384238</td>\n",
       "      <td>0.375235</td>\n",
       "      <td>0.232571</td>\n",
       "      <td>0.000000</td>\n",
       "      <td>0.233516</td>\n",
       "      <td>0.400029</td>\n",
       "      <td>0.406692</td>\n",
       "      <td>0.510657</td>\n",
       "      <td>0.641671</td>\n",
       "      <td>1.000000</td>\n",
       "    </tr>\n",
       "  </tbody>\n",
       "</table>\n",
       "</div>"
      ],
      "text/plain": [
       "           U00001    U00002    U00003    U00004    U00005    U00006    U00007  \\\n",
       "user_id                                                                         \n",
       "U00001   1.000000  0.593422  0.473685  0.376071  0.403558  0.227984  0.000000   \n",
       "U00002   0.593422  1.000000  0.599157  0.478312  0.380428  0.403195  0.229023   \n",
       "U00003   0.473685  0.599157  1.000000  0.604672  0.482801  0.384623  0.402779   \n",
       "U00004   0.376071  0.478312  0.604672  1.000000  0.609972  0.487156  0.388662   \n",
       "U00005   0.403558  0.380428  0.482801  0.609972  1.000000  0.615067  0.491380   \n",
       "U00006   0.227984  0.403195  0.384623  0.487156  0.615067  1.000000  0.619961   \n",
       "U00007   0.000000  0.229023  0.402779  0.388662  0.491380  0.619961  1.000000   \n",
       "U00008   0.228862  0.000000  0.230013  0.402315  0.392551  0.495476  0.624663   \n",
       "U00009   0.375167  0.229859  0.000000  0.230955  0.401804  0.396293  0.499449   \n",
       "U00010   0.376090  0.375247  0.230808  0.000000  0.231852  0.401251  0.399894   \n",
       "U00011   0.466428  0.380240  0.375268  0.231711  0.000000  0.232705  0.400659   \n",
       "U00012   0.629074  0.471035  0.384238  0.375235  0.232571  0.000000  0.233516   \n",
       "\n",
       "           U00008    U00009    U00010    U00011    U00012  \n",
       "user_id                                                    \n",
       "U00001   0.228862  0.375167  0.376090  0.466428  0.629074  \n",
       "U00002   0.000000  0.229859  0.375247  0.380240  0.471035  \n",
       "U00003   0.230013  0.000000  0.230808  0.375268  0.384238  \n",
       "U00004   0.402315  0.230955  0.000000  0.231711  0.375235  \n",
       "U00005   0.392551  0.401804  0.231852  0.000000  0.232571  \n",
       "U00006   0.495476  0.396293  0.401251  0.232705  0.000000  \n",
       "U00007   0.624663  0.499449  0.399894  0.400659  0.233516  \n",
       "U00008   1.000000  0.629179  0.503301  0.403359  0.400029  \n",
       "U00009   0.629179  1.000000  0.633514  0.507036  0.406692  \n",
       "U00010   0.503301  0.633514  1.000000  0.637677  0.510657  \n",
       "U00011   0.403359  0.507036  0.637677  1.000000  0.641671  \n",
       "U00012   0.400029  0.406692  0.510657  0.641671  1.000000  "
      ]
     },
     "metadata": {},
     "output_type": "display_data"
    },
    {
     "data": {
      "text/html": [
       "<div>\n",
       "<style scoped>\n",
       "    .dataframe tbody tr th:only-of-type {\n",
       "        vertical-align: middle;\n",
       "    }\n",
       "\n",
       "    .dataframe tbody tr th {\n",
       "        vertical-align: top;\n",
       "    }\n",
       "\n",
       "    .dataframe thead th {\n",
       "        text-align: right;\n",
       "    }\n",
       "</style>\n",
       "<table border=\"1\" class=\"dataframe\">\n",
       "  <thead>\n",
       "    <tr style=\"text-align: right;\">\n",
       "      <th></th>\n",
       "      <th>I00001</th>\n",
       "      <th>I00002</th>\n",
       "      <th>I00003</th>\n",
       "      <th>I00004</th>\n",
       "      <th>I00005</th>\n",
       "      <th>I00006</th>\n",
       "      <th>I00007</th>\n",
       "      <th>I00008</th>\n",
       "      <th>I00009</th>\n",
       "      <th>I00010</th>\n",
       "      <th>I00011</th>\n",
       "      <th>I00012</th>\n",
       "    </tr>\n",
       "    <tr>\n",
       "      <th>item_id</th>\n",
       "      <th></th>\n",
       "      <th></th>\n",
       "      <th></th>\n",
       "      <th></th>\n",
       "      <th></th>\n",
       "      <th></th>\n",
       "      <th></th>\n",
       "      <th></th>\n",
       "      <th></th>\n",
       "      <th></th>\n",
       "      <th></th>\n",
       "      <th></th>\n",
       "    </tr>\n",
       "  </thead>\n",
       "  <tbody>\n",
       "    <tr>\n",
       "      <th>I00001</th>\n",
       "      <td>1.000000</td>\n",
       "      <td>0.642846</td>\n",
       "      <td>0.505271</td>\n",
       "      <td>0.411597</td>\n",
       "      <td>0.396416</td>\n",
       "      <td>0.205515</td>\n",
       "      <td>0.000000</td>\n",
       "      <td>0.238351</td>\n",
       "      <td>0.401951</td>\n",
       "      <td>0.407988</td>\n",
       "      <td>0.516017</td>\n",
       "      <td>0.655640</td>\n",
       "    </tr>\n",
       "    <tr>\n",
       "      <th>I00002</th>\n",
       "      <td>0.642846</td>\n",
       "      <td>1.000000</td>\n",
       "      <td>0.632022</td>\n",
       "      <td>0.495627</td>\n",
       "      <td>0.384169</td>\n",
       "      <td>0.365501</td>\n",
       "      <td>0.210151</td>\n",
       "      <td>0.000000</td>\n",
       "      <td>0.243258</td>\n",
       "      <td>0.408280</td>\n",
       "      <td>0.418528</td>\n",
       "      <td>0.528675</td>\n",
       "    </tr>\n",
       "    <tr>\n",
       "      <th>I00003</th>\n",
       "      <td>0.505271</td>\n",
       "      <td>0.632022</td>\n",
       "      <td>1.000000</td>\n",
       "      <td>0.623209</td>\n",
       "      <td>0.473609</td>\n",
       "      <td>0.351557</td>\n",
       "      <td>0.374707</td>\n",
       "      <td>0.216567</td>\n",
       "      <td>0.000000</td>\n",
       "      <td>0.250214</td>\n",
       "      <td>0.417999</td>\n",
       "      <td>0.432617</td>\n",
       "    </tr>\n",
       "    <tr>\n",
       "      <th>I00004</th>\n",
       "      <td>0.411597</td>\n",
       "      <td>0.495627</td>\n",
       "      <td>0.623209</td>\n",
       "      <td>1.000000</td>\n",
       "      <td>0.595231</td>\n",
       "      <td>0.455078</td>\n",
       "      <td>0.359464</td>\n",
       "      <td>0.378332</td>\n",
       "      <td>0.219780</td>\n",
       "      <td>0.000000</td>\n",
       "      <td>0.253462</td>\n",
       "      <td>0.421489</td>\n",
       "    </tr>\n",
       "    <tr>\n",
       "      <th>I00005</th>\n",
       "      <td>0.396416</td>\n",
       "      <td>0.384169</td>\n",
       "      <td>0.473609</td>\n",
       "      <td>0.595231</td>\n",
       "      <td>1.000000</td>\n",
       "      <td>0.581411</td>\n",
       "      <td>0.459660</td>\n",
       "      <td>0.363750</td>\n",
       "      <td>0.378209</td>\n",
       "      <td>0.220812</td>\n",
       "      <td>0.000000</td>\n",
       "      <td>0.254197</td>\n",
       "    </tr>\n",
       "    <tr>\n",
       "      <th>I00006</th>\n",
       "      <td>0.205515</td>\n",
       "      <td>0.365501</td>\n",
       "      <td>0.351557</td>\n",
       "      <td>0.455078</td>\n",
       "      <td>0.581411</td>\n",
       "      <td>1.000000</td>\n",
       "      <td>0.606750</td>\n",
       "      <td>0.479805</td>\n",
       "      <td>0.380324</td>\n",
       "      <td>0.390818</td>\n",
       "      <td>0.229298</td>\n",
       "      <td>0.000000</td>\n",
       "    </tr>\n",
       "    <tr>\n",
       "      <th>I00007</th>\n",
       "      <td>0.000000</td>\n",
       "      <td>0.210151</td>\n",
       "      <td>0.374707</td>\n",
       "      <td>0.359464</td>\n",
       "      <td>0.459660</td>\n",
       "      <td>0.606750</td>\n",
       "      <td>1.000000</td>\n",
       "      <td>0.612061</td>\n",
       "      <td>0.484154</td>\n",
       "      <td>0.384348</td>\n",
       "      <td>0.390490</td>\n",
       "      <td>0.230213</td>\n",
       "    </tr>\n",
       "    <tr>\n",
       "      <th>I00008</th>\n",
       "      <td>0.238351</td>\n",
       "      <td>0.000000</td>\n",
       "      <td>0.216567</td>\n",
       "      <td>0.378332</td>\n",
       "      <td>0.363750</td>\n",
       "      <td>0.479805</td>\n",
       "      <td>0.612061</td>\n",
       "      <td>1.000000</td>\n",
       "      <td>0.617166</td>\n",
       "      <td>0.488373</td>\n",
       "      <td>0.388224</td>\n",
       "      <td>0.390115</td>\n",
       "    </tr>\n",
       "    <tr>\n",
       "      <th>I00009</th>\n",
       "      <td>0.401951</td>\n",
       "      <td>0.243258</td>\n",
       "      <td>0.000000</td>\n",
       "      <td>0.219780</td>\n",
       "      <td>0.378209</td>\n",
       "      <td>0.380324</td>\n",
       "      <td>0.484154</td>\n",
       "      <td>0.617166</td>\n",
       "      <td>1.000000</td>\n",
       "      <td>0.622071</td>\n",
       "      <td>0.492465</td>\n",
       "      <td>0.391956</td>\n",
       "    </tr>\n",
       "    <tr>\n",
       "      <th>I00010</th>\n",
       "      <td>0.407988</td>\n",
       "      <td>0.408280</td>\n",
       "      <td>0.250214</td>\n",
       "      <td>0.000000</td>\n",
       "      <td>0.220812</td>\n",
       "      <td>0.390818</td>\n",
       "      <td>0.384348</td>\n",
       "      <td>0.488373</td>\n",
       "      <td>0.622071</td>\n",
       "      <td>1.000000</td>\n",
       "      <td>0.626782</td>\n",
       "      <td>0.496435</td>\n",
       "    </tr>\n",
       "    <tr>\n",
       "      <th>I00011</th>\n",
       "      <td>0.516017</td>\n",
       "      <td>0.418528</td>\n",
       "      <td>0.417999</td>\n",
       "      <td>0.253462</td>\n",
       "      <td>0.000000</td>\n",
       "      <td>0.229298</td>\n",
       "      <td>0.390490</td>\n",
       "      <td>0.388224</td>\n",
       "      <td>0.492465</td>\n",
       "      <td>0.626782</td>\n",
       "      <td>1.000000</td>\n",
       "      <td>0.631307</td>\n",
       "    </tr>\n",
       "    <tr>\n",
       "      <th>I00012</th>\n",
       "      <td>0.655640</td>\n",
       "      <td>0.528675</td>\n",
       "      <td>0.432617</td>\n",
       "      <td>0.421489</td>\n",
       "      <td>0.254197</td>\n",
       "      <td>0.000000</td>\n",
       "      <td>0.230213</td>\n",
       "      <td>0.390115</td>\n",
       "      <td>0.391956</td>\n",
       "      <td>0.496435</td>\n",
       "      <td>0.631307</td>\n",
       "      <td>1.000000</td>\n",
       "    </tr>\n",
       "  </tbody>\n",
       "</table>\n",
       "</div>"
      ],
      "text/plain": [
       "           I00001    I00002    I00003    I00004    I00005    I00006    I00007  \\\n",
       "item_id                                                                         \n",
       "I00001   1.000000  0.642846  0.505271  0.411597  0.396416  0.205515  0.000000   \n",
       "I00002   0.642846  1.000000  0.632022  0.495627  0.384169  0.365501  0.210151   \n",
       "I00003   0.505271  0.632022  1.000000  0.623209  0.473609  0.351557  0.374707   \n",
       "I00004   0.411597  0.495627  0.623209  1.000000  0.595231  0.455078  0.359464   \n",
       "I00005   0.396416  0.384169  0.473609  0.595231  1.000000  0.581411  0.459660   \n",
       "I00006   0.205515  0.365501  0.351557  0.455078  0.581411  1.000000  0.606750   \n",
       "I00007   0.000000  0.210151  0.374707  0.359464  0.459660  0.606750  1.000000   \n",
       "I00008   0.238351  0.000000  0.216567  0.378332  0.363750  0.479805  0.612061   \n",
       "I00009   0.401951  0.243258  0.000000  0.219780  0.378209  0.380324  0.484154   \n",
       "I00010   0.407988  0.408280  0.250214  0.000000  0.220812  0.390818  0.384348   \n",
       "I00011   0.516017  0.418528  0.417999  0.253462  0.000000  0.229298  0.390490   \n",
       "I00012   0.655640  0.528675  0.432617  0.421489  0.254197  0.000000  0.230213   \n",
       "\n",
       "           I00008    I00009    I00010    I00011    I00012  \n",
       "item_id                                                    \n",
       "I00001   0.238351  0.401951  0.407988  0.516017  0.655640  \n",
       "I00002   0.000000  0.243258  0.408280  0.418528  0.528675  \n",
       "I00003   0.216567  0.000000  0.250214  0.417999  0.432617  \n",
       "I00004   0.378332  0.219780  0.000000  0.253462  0.421489  \n",
       "I00005   0.363750  0.378209  0.220812  0.000000  0.254197  \n",
       "I00006   0.479805  0.380324  0.390818  0.229298  0.000000  \n",
       "I00007   0.612061  0.484154  0.384348  0.390490  0.230213  \n",
       "I00008   1.000000  0.617166  0.488373  0.388224  0.390115  \n",
       "I00009   0.617166  1.000000  0.622071  0.492465  0.391956  \n",
       "I00010   0.488373  0.622071  1.000000  0.626782  0.496435  \n",
       "I00011   0.388224  0.492465  0.626782  1.000000  0.631307  \n",
       "I00012   0.390115  0.391956  0.496435  0.631307  1.000000  "
      ]
     },
     "metadata": {},
     "output_type": "display_data"
    }
   ],
   "source": [
    "users = user_item_ratings_df.user_id.unique()\n",
    "items = user_item_ratings_df.item_id.unique()\n",
    "user_item_matrix_transformer = UserItemMatrixTransformer()\n",
    "user_item_matrix = user_item_matrix_transformer.transform(\n",
    "    user_item_ratings_generated\n",
    ")\n",
    "user_item_matrix_df = pd.DataFrame(\n",
    "    user_item_matrix, index=users, columns=items\n",
    ").astype(np.float32)\n",
    "user_item_matrix_df.index.name = \"user_id\"\n",
    "display(user_item_matrix_df)\n",
    "\n",
    "if OVERWRITE:\n",
    "    user_item_matrix_df.to_csv(\n",
    "        \"../../tests/test_data/user_item_matrix_toy.csv\", index=True\n",
    "    )\n",
    "\n",
    "user_similarity_matrix_transformer = SimilarityTransformer()\n",
    "user_similarity_matrix = user_similarity_matrix_transformer.transform(user_item_matrix)\n",
    "user_similarity_matrix_df = pd.DataFrame(\n",
    "    user_similarity_matrix, index=users, columns=users\n",
    ").astype(np.float32)\n",
    "user_similarity_matrix_df.index.name = \"user_id\"\n",
    "display(user_similarity_matrix_df)\n",
    "\n",
    "if OVERWRITE:\n",
    "    user_similarity_matrix_df.to_csv(\n",
    "        \"../../tests/test_data/user_similarity_matrix_toy.csv\", index=True\n",
    "    )\n",
    "\n",
    "item_similarity_matrix_transformer = SimilarityTransformer()\n",
    "item_similarity_matrix = item_similarity_matrix_transformer.transform(\n",
    "    user_item_matrix.T\n",
    ")\n",
    "item_similarity_matrix_df = pd.DataFrame(\n",
    "    item_similarity_matrix, index=items, columns=items\n",
    ").astype(np.float32)\n",
    "item_similarity_matrix_df.index.name = \"item_id\"\n",
    "display(item_similarity_matrix_df)\n",
    "\n",
    "if OVERWRITE:\n",
    "    item_similarity_matrix_df.to_csv(\n",
    "        \"../../tests/test_data/item_similarity_matrix_toy.csv\", index=True\n",
    "    )"
   ]
  },
  {
   "cell_type": "code",
   "execution_count": 57,
   "metadata": {},
   "outputs": [
    {
     "data": {
